0.00000000
0.00000000
0.00000000
0.00000000
0.00000000
0.00000000
0.00000000
0.00000000
0.00000000
0.00000000
0.00000000
0.00000000
0.00000000
0.00000000
0.00000000
0.00000000
0.00000000
0.00000000
0.00000000
0.00000000
0.00000000
0.00000000
0.00000000
0.00000001
0.00000079
0.00002666
0.00054623
0.00687595
0.05364660
0.26325800
0.83304100
1.77245000
2.71187000
3.28165000
3.49126000
3.53803000
3.54436000
3.54488000
3.54491000
3.54491000
3.54491000
3.54491000
3.54491000
3.54491000
3.54491000
3.54491000
3.54491000
3.54491000
3.54491000
3.54491000
3.54491000
3.54491000
3.54491000
3.54491000
3.54491000
3.54491000
3.54491000
3.54491000
3.54491000
3.54491000
3.54491000
3.54491000
3.54491000
3.54491000
3.54491000
3.54491000
3.54491000
3.54491000
3.54491000
3.54491000
3.54491000
3.54491000
3.54491000
3.54491000
3.54491000
3.54491000
3.54491000
3.54491000
3.54491000
3.54491000
3.54491000
3.54491000
3.54491000
3.54491000
3.54491000
3.54491000
3.54491000
3.54491000
3.54491000
3.54488000
3.54436000
3.53803000
3.49126000
3.28165000
2.71187000
1.77245000
0.83304100
0.26325800
0.05364660
0.00687595
0.00054623
0.00002666
0.00000079
0.00000001
0.00000000
0.00000000
0.00000000
0.00000000
0.00000000
0.00000000
0.00000000
0.00000000
0.00000000
0.00000000
0.00000000
0.00000000
0.00000000
0.00000000
0.00000000
0.00000000
0.00000000
0.00000000
0.00000000
0.00000000
0.00000000
0.00000000
0.00000000
0.00000000