200
200
199
198
197
195
193
190
187
184
180
176
172
168
164
159
154
150
145
140
135
130
126
121
117
113
109
105
101
98
95
93
90
88
86
85
84
83
82
82
82
82
83
84
84
85
87
88
89
91
92
93
95
96
97
98
99
100
101
101
101
101
101
101
100
99
98
96
95
93
91
89
86
84
81
78
75
72
70
67
64
61
58
55
53
51
49
47
45
44
43
42
42
41
42
42
43
44
46
48
50
52
55
58
61
65
69
72
76
80
85
89
93
97
101
105
109
112
116
119
122
124
127
129
130
132
133
133
133
133
133
132
130
129
127
124
122
119
116
112
109
105
101
97
93
89
85
80
76
72
69
65
61
58
55
52
50
48
46
44
43
42
42
41
42
42
43
44
45
47
49
51
53
55
58
61
64
67
70
72
75
78
81
84
86
89
91
93
95
96
98
99
100
101
101
101
101
101
101
100
99
98
97
96
95
93
92
91
89
88
87
85
84
84
83
82
82
82
82
83
84
85
86
88
90
93
95
98
101
105
109
113
117
121
126
130
135
140
145
150
154
159
164
168
172
176
180
184
187
190
193
195
197
198
199
200
200
200
199
198
197
195
193
190
187
184
180
176
172
168
164
159
154
150
145
140
135
130
126
121
117
113
109
105
101
98
95
93
90
88
86
85
84
83
82
82
82
82
83
84
84
85
87
88
89
91
92
93
95
96
97
98
99
100
101
101
101
101
101
101
100
99
98
96
95
93
91
89
86
84
81
78
75
72
70
67
64
61
58
55
53
51
49
47
45
44
43
42
42
41
42
42
43
44
46
48
50
52
55
58
61
65
69
72
76
80
85
89
93
97
101
105
109
112
116
119
122
124
127
129
130
132
133
133
133
133
133
132
130
129
127
124
122
119
116
112
109
105
101
97
93
89
85
80
76
72
69
65
61
58
55
52
50
48
46
44
43
42
42
41
42
42
43
44
45
47
49
51
53
55
58
61
64
67
70
72
75
78
81
84
86
89
91
93
95
96
98
99
100
101
101
101
101
101
101
100
99
98
97
96
95
93
92
91
89
88
87
85
84
84
83
82
82
82
82
83
84
85
86
88
90
93
95
98
101
105
109
113
117
121
126
130
135
140
145
150
154
159
164
168
172
176
180
184
187
190
193
195
197
198
199
200
200
200
199
198
197
195
193
190
187
184
180
176
172
168
164
159
154
150
145
140
135
130
126
121
117
113
109
105
101
98
95
93
90
88
86
85
84
83
82
82
82
82
83
84
84
85
87
88
89
91
92
93
95
96
97
98
99
100
101
101
101
101
101
101
100
99
98
96
95
93
91
89
86
84
81
78
75
72
70
67
64
61
58
55
53
51
49
47
45
44
43
42
42
41
42
42
43
44
46
48
50
52
55
58
61
65
69
72
76
80
85
89
93
97
101
105
109
112
116
119
122
124
127
129
130
132
133
133
133
133
133
132
130
129
127
124
122
119
116
112
109
105
101
97
93
89
85
80
76
72
69
65
61
58
55
52
50
48
46
44
43
42
42
41
42
42
43
44
45
47
49
51
53
55
58
61
64
67
70
72
75
78
81
84
86
89
91
93
95
96
98
99
100
101
101
101
101
101
101
100
99
98
97
96
95
93
92
91
89
88
87
85
84
84
83
82
82
82
82
83
84
85
86
88
90
93
95
98
101
105
109
113
117
121
126
130
135
140
145
150
154
159
164
168
172
176
180
184
187
190
193
195
197
198
199
200
200
200
199
198
197
195
193
190
187
184
180
176
172
168
164
159
154
150
145
140
135
130
126
121
117
113
109
105
101
98
95
93
90
88
86
85
84
83
82
82
82
82
83
84
84
85
87
88
89
91
92
93
95
96
97
98
99
100
101
101
101
101
101
101
100
99
98
96
95
93
91
89
86
84
81
78
75
72
70
67
64
61
58
55
53
51
49
47
45
44
43
42
42
41
42
42
43
44
46
48
50
52
55
58
61
65
69
72
76
80
85
89
93
97
101
105
109
112
116
119
122
124
127
129
130
132
133
133
133
133
133
132
130
129
127
124
122
119
116
112
109
105
101
97
93
89
85
80
76
72
69
65
61
58
55
52
50
48
46
44
43
42
42
41
42
42
43
44
45
47
49
51
53
55
58
61
64
67
70
72
75
78
81
84
86
89
91
93
95
96
98
99
100
101
101
101
101
101
101
100
99
98
97
96
95
93
92
91
89
88
87
85
84
84
83
82
82
82
82
83
84
85
86
88
90
93
95
98
101
105
109
113
117
121
126
130
135
140
145
150
154
159
164
168
172
176
180
184
187
190
193
195
197
198
199
200