0.002800
0.235673
0.202056
0.209309
0.025784
0.027364
0.117480
0.115735
0.288982
0.087890
0.114237
0.183603
0.155322
0.420864
0.429298
0.467851
0.257021
0.320386
0.486257
0.346130
0.499575
0.449621
0.501416
0.478255
0.582142
0.556268
0.812051
0.614320
0.822278
0.901262
0.772657
0.781164
0.759583
0.789176
0.890014
0.846202
0.862954
0.884291
1.143183
1.061355
0.941524
1.011688
1.090068
0.978413
1.012471
1.007301
1.245004
1.002048
1.233833
1.000391
0.993559
0.988324
1.144007
1.074475
0.954685
1.016879
1.160119
1.152804
1.130476
0.862688
0.839214
0.822240
0.807114
0.760142
0.789662
0.701960
0.671650
0.773500
0.607696
0.795026
0.541382
0.520611
0.480455
0.561637
0.413728
0.542351
0.350202
0.466690
0.534012
0.330692
0.476505
0.427755
0.367902
0.151379
0.128484
0.270889
0.289511
0.283358
0.054090
0.040421
0.177302
0.017641
0.010560
0.194215
0.001335
0.135335